555555555555555555555555555555555
5555555            5 555555555555
555555555 55555 55 5  55555555555
5555555   5     5    555555555555
5555555 5 5 555 5 55  55555555555
5555555 5 5 5   55555555555555555
5555555 555 5 5 5    555555555555
5555555     5 5   55  55555555555
7777777555555 5555555555555555555
7777777777775 5555555555555555555
7++++77777775+5555555555555555555
7+77777777777+7777777777777777777
7++++7777+++++++++78+++7++++7+++7
7777+7777+++++++++7777+7777+7+7+7
7+87++++3++++1++++2+++++++++++787
7+77+7+77+++++++++7777+777777+777
7++++7+77+++++++++7+87+7++7+++777
777777+877776667777+++++++7777777
777777777777777777777777777777777